000000000
000000000
000000000
000000000
000000000
000000000
000000000
000000000
000000000
800000000
003600000
070090200
050007000
000045700
000100030
001000068
008500010
090000400
000084005
108000000
060109300
500200008
080905060
300007004
001403050
000000901
800760000
280060005
540000000
000807600
000900300
109000807
002005000
005601000
000000063
800020091
850070400
070200000
060009000
900060000
308000701
000020005
000800020
000001090
007030058
902408060
050370020
007000000
008630000
610000000
000005000
003004076
080060500
000800901
180000000
035900000
760300080
000180470
000007000
000000130
400030005
000500090
008400001
600080004
020401060
009000200
090604070
400000001
070205030
003000500
080503090
900070003
005400001
040090030
100006900
700008200
060070090
002900007
007200003
080030010
600001400
009000100
050203060
100000004
060104090
000050000
040608020
800000009
030502010
007000200